Zeraoulia Quantum Simulation (VQD)
Theoretical: [2.         2.68035601]
Quantum: [2.35812458 2.37074086]
